117
209
560
1546
2733
3615
3648
3704
4865
5855
6719
6729
7500
9858
10600
11131
12282
12659
14553
15435
16134
17257
17679
18778
19327
19348
19403
20506
22522
22819
24097
24328
26312
27588
27909
28982
29338
30693
31663
32895
33131
33501
33777
34296
35251
35968
36301
40726
43540
43561
43794
44556
45076
45402
45958
49690
51629
51761
54588
57548
57962
58196
59070
59195
59577
60095
60624
60844
62033
62153
62715
62752
63802
64023
64896
65638
67370
67969
69356
70314
70648
70957
71330
72075
74303
75607
76436
76928
78643
79566
79910
80673
81037
81267
83469
84613
86809
86902
86953
87909
91797
93084
93254
95321
97174
99195
100297
100412
101135
102069
102288
104224
105259
106323
107079
107801
108435
108916
109584
109655
109883
110814
110965
114046
114548
115541
117578
117660
118786
118842
119770
120763
121221
121255
121605
121822
122430
123436
123782
123963
125016
125584
127028
128717
129662
130636
131109
131302
132098
132292
132617
133684
136015
136596
138409
140036
141912
142130
142841
143728
144056
144851
146473
146811
147397
147693
148273
149269
149706
150567
151739
153681
153741
156580
157062
157693
159221
159732
160427
161048
161302
166026
166922
167772
168070
168337
169103
170069
170676
171028
171697
171979
172600
172621
173498
174455
176253
176699
177040
177261
178240
179961
179978
180289
181249
181700
183219
183504
184541
184938
185479
187112
188833
190252
193422
193903
194567
195792
198598
198789
199361
199854
201244
201820
205915
207253
208891
209145
210302
211366
212103
212951
213033
213343
215509
215565
220721
221172
221725
224170
224725
225490
226038
226904
229369
231254
232413
232700
235657
236314
236719
237134
240602
241906
242252
242521
242637
242665
244429
245516
246391
248844
249534
250200
250865
252170
254413
256107
256379
257107
257631
257983
264198
266152
267504
267588
270626
272062
274052
276090
278146
280702
281154
281691
282697
283711
285118
286459
287389
287434
288020
289988
291180
291555
292693
293405
293614
293915
294814
295091
295239
295577
296343
296597
296686
298894
299207
300747
301995
302311
302467
302777
303174
303531
303880
304222
304425
304592
305323
307199
309918
310274
312589
313339
315675
315710
318908
320225
321583
321860
321896
322205
322760
324543
324589
326988
327321
328013
329909
331392
332563
335422
335629
337133
337383
339824
340654
340741
341066
342023
342280
343257
343361
344286
346679
348347
349114
349735
351624
352214
352487
354721
355257
356126
356325
356973
358646
359965
360076
361750
361862
361954
362030
362076
364421
365388
368721
368871
370003
370682
371026
372221
372886
373266
373757
374549
375341
376403
376733
377064
377944
379896
380005
381589
381981
382138
382158
384138
384608
385412
385896
386762
388160
388942
390971
391303
392649
393636
395469
398128
398282
399120
399636
400281
400815
402608
405770
406147
407601
411437
413024
417062
417228
418289
419938
420051
420674
421074
424319
426190
426607
426826
427485
428667
430277
430419
430617
430643
431095
432181
432519
434325
436407
437038
437121
437146
439967
443152
443643
444652
446102
447883
449323
450258
452960
453389
453843
455018
458481
460310
460980
462611
463670
464210
464642
464691
464745
465740
466169
466189
466218
466777
467660
467769
468200
468746
470417
471319
472984
474402
474435
475699
475761
476043
477202
478562
478645
479164
479467
480686
483416
483731
485052
486261
486556
488330
489162
491067
493938
495077
496463
496804
497994
498153
498660
